6 0.504734 0.517478 0.271780 0.052005
6 0.459776 0.518589 0.329791 0.056143
6 0.551097 0.517774 0.225237 0.050175
6 0.658028 0.516078 0.199222 0.056484
6 0.604624 0.518370 0.215639 0.050349
6 0.712932 0.514689 0.190154 0.060450
6 0.889885 0.492166 0.177698 0.104131
6 0.744579 0.513155 0.175229 0.064196
6 0.851345 0.493856 0.163287 0.101559
6 0.663080 0.493785 0.210269 0.106708
6 0.772581 0.509569 0.168233 0.069756
6 0.861160 0.855879 0.063825 0.071989
6 0.881587 0.472325 0.145592 0.141601
6 0.723561 0.493236 0.184274 0.108474
6 0.782782 0.494745 0.156446 0.104285
6 0.659030 0.464372 0.164175 0.159920
6 0.806393 0.505024 0.169616 0.076941
6 0.493896 0.528522 0.295694 0.074146
6 0.609491 0.496392 0.227358 0.101039
6 0.816946 0.494582 0.165625 0.102843