6 0.905828 0.911278 0.175584 0.177445
6 0.946645 0.910138 0.106709 0.179725
6 0.468915 0.912873 0.162313 0.174254
6 0.847782 0.911138 0.151620 0.177724
6 0.396165 0.913378 0.159810 0.173244
6 0.036231 0.913938 0.072462 0.172124
6 0.892653 0.764778 0.167302 0.091738
6 0.059032 0.912942 0.115813 0.173938
6 0.987864 0.908559 0.023614 0.180633
6 0.719212 0.731854 0.129935 0.078150
6 0.698200 0.911584 0.155424 0.176832
6 0.725228 0.911461 0.142190 0.177079
6 0.546304 0.468456 0.136792 0.105865
6 0.640743 0.911735 0.159276 0.176529
6 0.566070 0.911844 0.164256 0.176311
6 0.511326 0.912255 0.170688 0.175489
6 0.433913 0.794286 0.183464 0.069399
6 0.670621 0.618101 0.122478 0.083284
6 0.609042 0.478764 0.178596 0.127193
6 0.796085 0.910994 0.153177 0.178012
6 0.554914 0.788878 0.232365 0.077018
6 0.676169 0.647727 0.126136 0.098889
6 0.463060 0.531476 0.094028 0.102934
6 0.886878 0.777585 0.187194 0.063392
6 0.638370 0.480753 0.129659 0.133970
6 0.345057 0.913543 0.169026 0.172913
6 0.726581 0.749744 0.140425 0.092803
6 0.424616 0.914165 0.151818 0.171669
6 0.896671 0.738940 0.145333 0.141907
6 0.475075 0.543076 0.116289 0.100550
6 0.589427 0.739351 0.129741 0.089294
6 0.314147 0.913807 0.182105 0.172386
6 0.691286 0.692278 0.127197 0.107121
6 0.470061 0.795636 0.204310 0.071423
6 0.505902 0.470461 0.192191 0.107597
6 0.509593 0.795060 0.241618 0.072048
6 0.587674 0.789581 0.198917 0.071872
6 0.754786 0.473416 0.098832 0.116127
6 0.568589 0.473559 0.149098 0.114949