6 0.893658 0.919688 0.208015 0.158723
6 0.737770 0.919568 0.199925 0.153121
6 0.836769 0.919534 0.202662 0.160045
6 0.535014 0.921213 0.213091 0.156676
6 0.067660 0.927193 0.133501 0.145615
6 0.775647 0.919706 0.199800 0.156318
6 0.891849 0.521312 0.145613 0.136884
6 0.479579 0.921129 0.227377 0.157269
6 0.700839 0.918871 0.230934 0.149541
6 0.044888 0.926110 0.089775 0.147734
6 0.282391 0.921811 0.292161 0.155280
6 0.935371 0.919210 0.129259 0.159535
6 0.392847 0.921955 0.261651 0.156090
6 0.601209 0.508301 0.150255 0.104381
6 0.655195 0.922378 0.209457 0.154759
6 0.882783 0.503678 0.128769 0.107414
6 0.578449 0.921461 0.219837 0.156367
6 0.890507 0.813166 0.205772 0.058143
6 0.640828 0.509525 0.150025 0.118496
6 0.458191 0.915754 0.318289 0.146993
6 0.892952 0.792975 0.201240 0.100621
6 0.987917 0.646289 0.022969 0.229615
6 0.643102 0.562702 0.144835 0.094821
6 0.984574 0.918384 0.030438 0.158980
6 0.895022 0.632269 0.110109 0.092206
6 0.895942 0.777628 0.172076 0.128778
6 0.612477 0.554495 0.126338 0.079071
6 0.715956 0.515020 0.160014 0.111345
6 0.592054 0.494626 0.165199 0.090656
6 0.988096 0.575915 0.022606 0.209701
6 0.863231 0.495397 0.087979 0.087392