6 0.916347 0.909267 0.165858 0.181465
6 0.059144 0.909468 0.116543 0.181065
6 0.040501 0.909836 0.081002 0.180329
6 0.874508 0.909448 0.188769 0.181104
6 0.792208 0.909806 0.158606 0.180387
6 0.837666 0.909573 0.177248 0.180854
6 0.743818 0.909976 0.157915 0.180048
6 0.714610 0.909749 0.162891 0.180502
6 0.025298 0.904627 0.050597 0.189922
6 0.974594 0.907987 0.050237 0.181233
6 0.664572 0.909145 0.159610 0.181709
6 0.620215 0.908557 0.152906 0.182886
6 0.870752 0.787365 0.251301 0.072769
6 0.310659 0.907479 0.197419 0.185043
6 0.443276 0.904595 0.167785 0.190810
6 0.682977 0.516649 0.096804 0.117470
6 0.564750 0.908122 0.162283 0.183756
6 0.511662 0.905765 0.175489 0.188470
6 0.358836 0.907052 0.192878 0.185896
6 0.988222 0.713926 0.022436 0.214661
6 0.676266 0.500803 0.107446 0.094118