6 0.885635 0.938709 0.222508 0.122582
6 0.332607 0.940864 0.215724 0.118271
6 0.561514 0.940211 0.174051 0.119578
6 0.940788 0.936977 0.118423 0.124625
6 0.434592 0.939894 0.204446 0.120074
6 0.756864 0.937687 0.194932 0.124137
6 0.709061 0.939892 0.186035 0.120217
6 0.788510 0.936993 0.172363 0.125624
6 0.372210 0.940278 0.216628 0.119443
6 0.830504 0.938251 0.203883 0.123498
6 0.617807 0.554007 0.142128 0.116765
6 0.505682 0.939246 0.215994 0.121509
6 0.657788 0.940736 0.183470 0.118527
6 0.878326 0.695390 0.096658 0.112690
6 0.616839 0.577149 0.131777 0.124394