6 0.897103 0.917723 0.202221 0.163840
6 0.904882 0.513629 0.176646 0.127917
6 0.038584 0.912903 0.077162 0.174194
6 0.061531 0.912944 0.120633 0.173779
6 0.935023 0.919296 0.129955 0.160189
6 0.483916 0.916342 0.190236 0.167316
6 0.716389 0.918285 0.180447 0.158670
6 0.537249 0.916276 0.182490 0.167448
6 0.661581 0.918009 0.182878 0.163981
6 0.801420 0.511201 0.158568 0.082800
6 0.435127 0.916390 0.183977 0.167221
6 0.988559 0.542841 0.021683 0.194188
6 0.613489 0.917428 0.175463 0.165144
6 0.879779 0.824239 0.234045 0.076086
6 0.581927 0.916962 0.173497 0.166076