6 0.871395 0.652858 0.248336 0.068615
6 0.879753 0.677610 0.233483 0.068880
6 0.374510 0.649133 0.176051 0.056404
6 0.785390 0.651786 0.276692 0.052791
6 0.838401 0.650465 0.297080 0.056843
6 0.896751 0.727102 0.203354 0.113728
6 0.871529 0.634945 0.249209 0.106509
6 0.732085 0.651249 0.253291 0.050806
6 0.075718 0.845419 0.149921 0.307255
6 0.040040 0.136056 0.080079 0.270207
6 0.379034 0.630630 0.173767 0.100534
6 0.036044 0.845270 0.072089 0.309460
6 0.056086 0.844583 0.111246 0.310834
6 0.917163 0.741426 0.162134 0.141390
6 0.476440 0.650107 0.271602 0.056095
6 0.059118 0.135389 0.117728 0.267957
6 0.673453 0.574536 0.113563 0.098511
6 0.965360 0.655761 0.068324 0.128736
6 0.796800 0.632742 0.285922 0.101845
6 0.987678 0.603625 0.023526 0.190393