6 0.876627 0.956585 0.243166 0.086526
6 0.051368 0.953275 0.102736 0.093450
6 0.748312 0.954986 0.249154 0.089311
6 0.600774 0.588959 0.164822 0.143456
6 0.477414 0.613322 0.147868 0.110622
6 0.894361 0.586278 0.187058 0.146758
6 0.790687 0.572240 0.171773 0.124468
6 0.548293 0.591086 0.174989 0.152731
6 0.988614 0.605225 0.021743 0.208049
6 0.612783 0.614353 0.168021 0.098175
6 0.665936 0.576060 0.173228 0.138220
6 0.470134 0.591725 0.144300 0.129965
6 0.510143 0.617084 0.145548 0.106532
6 0.893247 0.618096 0.171724 0.132970
6 0.720845 0.440728 0.237523 0.118078
6 0.544497 0.619151 0.168027 0.097687
6 0.987782 0.804248 0.023442 0.212914
6 0.878280 0.613016 0.168536 0.104463
6 0.571078 0.615126 0.177024 0.101106
6 0.865909 0.428367 0.227886 0.148511
6 0.483590 0.647081 0.118487 0.062829
6 0.677589 0.439667 0.270256 0.121214
6 0.373946 0.954379 0.345749 0.091005
6 0.807312 0.562861 0.158983 0.100127
6 0.717237 0.576086 0.174701 0.135064
6 0.449490 0.580337 0.155748 0.108568
6 0.508126 0.645086 0.127180 0.060306