6 0.900475 0.908596 0.189191 0.182808
6 0.059116 0.909268 0.116695 0.181465
6 0.843167 0.908284 0.167068 0.183431
6 0.798343 0.908565 0.147723 0.182869
6 0.940582 0.908089 0.118836 0.182836
6 0.490079 0.907014 0.170028 0.185973
6 0.364739 0.907099 0.179409 0.185801
6 0.440982 0.906366 0.172289 0.187267
6 0.321787 0.908404 0.168049 0.183191
6 0.771900 0.908599 0.143284 0.182802
6 0.716631 0.908290 0.150092 0.183420
6 0.563327 0.907840 0.160553 0.184320
6 0.591220 0.907928 0.155589 0.184145
6 0.986269 0.906776 0.026828 0.183230
6 0.039304 0.906786 0.078608 0.186428
6 0.641595 0.908065 0.156005 0.183871
6 0.670267 0.908146 0.152031 0.183709
6 0.079732 0.200086 0.155309 0.400173
6 0.523089 0.514828 0.087707 0.067388
6 0.261187 0.910091 0.188411 0.179817
6 0.988267 0.745746 0.022609 0.175645
6 0.550906 0.519062 0.136556 0.085523
6 0.534787 0.516255 0.120653 0.072096