6 0.050338 0.952249 0.100677 0.095501
6 0.701859 0.598744 0.132487 0.105455
6 0.722872 0.597480 0.143832 0.097208
6 0.893938 0.530614 0.192144 0.100632
6 0.905103 0.949498 0.189076 0.100602
6 0.894546 0.551293 0.170160 0.117149
6 0.675407 0.593944 0.139509 0.100959
6 0.529938 0.950669 0.259434 0.098135
6 0.406248 0.951519 0.296649 0.096538
6 0.871432 0.806478 0.216576 0.130841
6 0.665313 0.951568 0.258945 0.096298
6 0.883797 0.830237 0.207139 0.132488
6 0.782805 0.737538 0.139647 0.104194
6 0.894870 0.587524 0.160099 0.126059
6 0.877439 0.548719 0.156181 0.085553
6 0.561903 0.580783 0.160732 0.104059
6 0.617303 0.951263 0.269648 0.096771
6 0.396735 0.596133 0.143173 0.121278