6 0.064192 0.957872 0.127388 0.084257
6 0.898067 0.428427 0.174444 0.136734
6 0.842819 0.953867 0.206055 0.092267
6 0.927164 0.951536 0.145672 0.096594
6 0.988480 0.627052 0.021902 0.261624
6 0.988469 0.680160 0.021966 0.303928
6 0.899354 0.580376 0.166183 0.153044
6 0.988506 0.580218 0.021766 0.182009
6 0.829719 0.624812 0.135100 0.076356
6 0.988221 0.796039 0.022560 0.239278
6 0.894535 0.949151 0.210129 0.101697
6 0.896203 0.777765 0.147463 0.134584
6 0.799572 0.623781 0.160436 0.079175
6 0.668225 0.723015 0.135539 0.070498
6 0.890707 0.686926 0.158873 0.179105
6 0.704329 0.432005 0.207039 0.136843
6 0.890650 0.795511 0.119106 0.111372
6 0.850441 0.588757 0.170594 0.133601
6 0.820195 0.592869 0.168070 0.120355
6 0.784834 0.587713 0.187778 0.105808
6 0.885499 0.658754 0.156405 0.144387
6 0.877129 0.624532 0.160328 0.088292
6 0.895269 0.742337 0.154838 0.149109