6 0.895128 0.784165 0.201868 0.093383
6 0.872129 0.769569 0.244644 0.071867
6 0.059153 0.876701 0.116146 0.245566
6 0.625119 0.755284 0.268001 0.048928
6 0.038754 0.877081 0.077508 0.245395
6 0.640548 0.727397 0.376003 0.076435
6 0.704513 0.757032 0.265023 0.050795
6 0.716805 0.722400 0.302131 0.067840
6 0.859999 0.720481 0.266402 0.053662
6 0.663134 0.758527 0.281563 0.053948
6 0.085535 0.876629 0.168531 0.243512
6 0.847779 0.762199 0.288364 0.059372
6 0.653219 0.777276 0.211631 0.076751
6 0.811071 0.718228 0.285126 0.053433
6 0.920017 0.871975 0.143927 0.256049
6 0.702843 0.777659 0.203143 0.078309
6 0.751176 0.776931 0.198971 0.078484
6 0.754788 0.756849 0.252983 0.050365
6 0.025430 0.876848 0.050860 0.244366
6 0.879377 0.872057 0.137472 0.255887
6 0.575657 0.752343 0.290589 0.045922
6 0.833725 0.779722 0.196195 0.082829