6 0.867834 0.682240 0.238691 0.052689
6 0.727307 0.683964 0.299159 0.053494
6 0.831819 0.683227 0.190235 0.054640
6 0.892297 0.762622 0.206310 0.100502
6 0.784024 0.684981 0.230616 0.056757
6 0.513460 0.682673 0.245626 0.050598
6 0.087564 0.859451 0.172684 0.279019
6 0.916574 0.778589 0.159616 0.135687
6 0.867029 0.662573 0.241700 0.106387
6 0.896040 0.557181 0.117498 0.188957
6 0.079812 0.859910 0.149497 0.279684
6 0.536717 0.755272 0.190576 0.071328
6 0.871636 0.716179 0.235458 0.057532
6 0.840156 0.754432 0.154549 0.086208