6 0.987220 0.796011 0.024725 0.227048
6 0.888214 0.714345 0.134620 0.160457
6 0.885031 0.572212 0.136042 0.117438
6 0.048578 0.956224 0.097156 0.087551
6 0.733586 0.443952 0.255906 0.114410
6 0.987665 0.576958 0.023638 0.177633
6 0.851389 0.570085 0.155520 0.115368
6 0.785703 0.568648 0.130449 0.098344
6 0.891975 0.426277 0.191559 0.150746
6 0.988288 0.751608 0.022214 0.276506
6 0.621074 0.884397 0.181786 0.056918
6 0.813914 0.821622 0.138413 0.071007
6 0.985856 0.843145 0.027557 0.150195
6 0.817295 0.569663 0.122373 0.098692
6 0.787144 0.554246 0.099463 0.085072
6 0.691132 0.570310 0.139774 0.116620
6 0.814466 0.556806 0.101882 0.091629