6 0.911190 0.938910 0.171812 0.121830
6 0.941351 0.938128 0.117297 0.121733
6 0.559572 0.940960 0.187621 0.118081
6 0.707967 0.941051 0.179170 0.117898
6 0.806830 0.939394 0.201465 0.120156
6 0.859327 0.938976 0.254078 0.121845
6 0.896302 0.529705 0.125612 0.124004
6 0.421155 0.942022 0.162597 0.115956
6 0.465273 0.941623 0.188598 0.116753
6 0.297458 0.942103 0.222494 0.115794
6 0.753887 0.941098 0.183314 0.117803
6 0.880281 0.521645 0.143956 0.107050
6 0.504684 0.941059 0.207420 0.117883
6 0.115140 0.941716 0.207197 0.115803
6 0.663931 0.940832 0.174839 0.118336
6 0.363068 0.943412 0.243890 0.113176
6 0.081602 0.941821 0.158018 0.115448
6 0.368501 0.849815 0.119170 0.052897