6 0.902352 0.581883 0.146115 0.169264
6 0.084749 0.953916 0.162305 0.092168
6 0.402465 0.952738 0.252273 0.093720
6 0.642703 0.951429 0.227791 0.096672
6 0.901768 0.950957 0.194602 0.097398
6 0.349330 0.952753 0.271372 0.093783
6 0.466703 0.620135 0.115664 0.098369
6 0.910738 0.557587 0.153002 0.132780
6 0.756973 0.951458 0.237007 0.096553
6 0.465901 0.598724 0.130952 0.141886
6 0.898915 0.622931 0.143983 0.169755
6 0.662546 0.599194 0.174798 0.130454
6 0.652231 0.644255 0.154290 0.101796
6 0.690697 0.950705 0.264809 0.097665
6 0.738588 0.590488 0.167731 0.086268
6 0.288987 0.953450 0.252413 0.092729
6 0.727711 0.886535 0.240413 0.043146