6 0.905221 0.897427 0.187996 0.205145
6 0.896569 0.769033 0.206741 0.098240
6 0.897016 0.776654 0.204166 0.065683
6 0.984076 0.897562 0.031313 0.203506
6 0.945282 0.898574 0.109435 0.202421
6 0.915321 0.283832 0.159625 0.192418
6 0.874834 0.900933 0.170540 0.198134
6 0.116204 0.918383 0.219699 0.163233
6 0.815955 0.902268 0.161579 0.195464
6 0.909080 0.785528 0.181839 0.115296
6 0.987998 0.684471 0.022988 0.249688
6 0.918103 0.318091 0.156359 0.124727
6 0.905429 0.817056 0.189141 0.078804
6 0.772787 0.901964 0.142339 0.196072
6 0.987553 0.299144 0.023902 0.172598