6 0.895448 0.886572 0.165197 0.226157
6 0.988009 0.886128 0.023322 0.225529
6 0.965848 0.887252 0.068303 0.223332
6 0.671559 0.888035 0.163936 0.223930
6 0.519977 0.890200 0.168435 0.219599
6 0.886253 0.718236 0.211160 0.102755
6 0.721841 0.887934 0.148226 0.224132
6 0.444837 0.891594 0.165547 0.216812
6 0.617259 0.888211 0.154333 0.223578
6 0.847165 0.886628 0.151727 0.226744
6 0.899041 0.253399 0.174814 0.198080
6 0.566147 0.888912 0.165555 0.222176
6 0.763677 0.888144 0.155942 0.223713
6 0.678263 0.749308 0.258483 0.044434
6 0.793179 0.887955 0.165695 0.224090
6 0.988193 0.708220 0.022839 0.135442
6 0.611102 0.750920 0.238883 0.048892
6 0.882799 0.738714 0.216862 0.058499
6 0.630276 0.788519 0.213905 0.049457
6 0.988175 0.669840 0.022478 0.201503