1 0.878931 0.041141 0.238991 0.082281
1 0.830564 0.040903 0.338871 0.081807
1 0.075823 0.040585 0.150179 0.080944
1 0.136792 0.040228 0.271806 0.080456
1 0.754569 0.040189 0.352597 0.080379
1 0.044210 0.040993 0.088311 0.081986
1 0.309792 0.962901 0.619584 0.073268
1 0.485350 0.037577 0.377026 0.074869
1 0.365802 0.035850 0.661517 0.070582
1 0.408202 0.037555 0.386230 0.074710
1 0.208349 0.037538 0.416698 0.073738
1 0.742036 0.038880 0.515927 0.075933
1 0.563231 0.035472 0.659296 0.070121
1 0.555966 0.037547 0.394030 0.075026
1 0.332228 0.036698 0.396572 0.072913
1 0.210092 0.925106 0.419499 0.060990