1 0.543059 0.096395 0.170458 0.179320
1 0.405805 0.110566 0.141414 0.204081
1 0.426599 0.055064 0.170418 0.107574
1 0.428554 0.089120 0.175191 0.174538
1 0.891899 0.051389 0.195055 0.100341
1 0.816145 0.055756 0.178962 0.108164
1 0.824076 0.075441 0.180258 0.146347
1 0.645007 0.053279 0.203061 0.103539
1 0.904847 0.940553 0.190143 0.118715
1 0.648704 0.078133 0.191744 0.151612
1 0.694660 0.051032 0.191509 0.100089
1 0.380159 0.087429 0.175935 0.171905
1 0.503247 0.098828 0.163590 0.186694
1 0.885184 0.088858 0.173416 0.171049