1 0.561471 0.951503 0.248113 0.096557
1 0.071507 0.950606 0.141187 0.098789
1 0.450964 0.745374 0.125020 0.067140
1 0.882286 0.675587 0.081528 0.077387
1 0.048539 0.947738 0.097044 0.104524
1 0.886300 0.662339 0.096826 0.072889
1 0.675240 0.585550 0.158289 0.084128
1 0.988437 0.609471 0.021861 0.194458
1 0.872876 0.555784 0.161381 0.082825
1 0.887876 0.624237 0.115095 0.124711
1 0.878705 0.579949 0.156507 0.130570
1 0.901536 0.561570 0.161296 0.094189
1 0.880337 0.954052 0.238876 0.091896
1 0.805342 0.568968 0.115533 0.088736
1 0.770979 0.577562 0.144340 0.088017
1 0.904579 0.589108 0.159640 0.150848
1 0.806460 0.558048 0.102407 0.080701
1 0.842607 0.554212 0.152379 0.078501
1 0.675204 0.609934 0.169699 0.116608
1 0.692294 0.621056 0.189566 0.112572
1 0.643893 0.589836 0.115324 0.076551
1 0.987817 0.667886 0.023060 0.222333