1 0.048504 0.919154 0.096937 0.161092
1 0.667069 0.919159 0.205654 0.160516
1 0.507358 0.377263 0.985283 0.077889
1 0.701926 0.920038 0.193527 0.159805
1 0.597813 0.920848 0.181637 0.158194
1 0.126279 0.919941 0.244609 0.159080
1 0.029150 0.920013 0.058301 0.159633
1 0.082964 0.920271 0.165026 0.159458
1 0.784645 0.380965 0.430710 0.066132
1 0.307877 0.919924 0.263302 0.159652
1 0.342107 0.378539 0.501381 0.056747
1 0.180177 0.919033 0.359268 0.160886
1 0.243622 0.920157 0.277824 0.159686
1 0.707323 0.918996 0.187495 0.161812
1 0.541614 0.919258 0.253346 0.160703