1 0.415104 0.456549 0.029042 0.271106
1 0.063172 0.904252 0.125117 0.191496
1 0.410956 0.236866 0.027393 0.071004
1 0.050942 0.015905 0.101804 0.030407
1 0.042938 0.904310 0.085876 0.191380
1 0.190273 0.015524 0.246859 0.029238
1 0.106050 0.015668 0.212100 0.029496
1 0.171539 0.015511 0.343078 0.028927
1 0.252760 0.015408 0.294742 0.029184
1 0.303457 0.015328 0.279690 0.029073
1 0.902791 0.909588 0.190368 0.180824
1 0.943241 0.909858 0.113519 0.180285
1 0.372808 0.015347 0.234402 0.029269
1 0.033469 0.017223 0.066939 0.034262
1 0.090896 0.906569 0.176286 0.186861
1 0.024666 0.904352 0.049332 0.191296