1 0.077241 0.842148 0.151255 0.314617
1 0.083519 0.843447 0.165682 0.311606
1 0.431689 0.039984 0.779983 0.079564
1 0.578445 0.034554 0.817632 0.068206
1 0.127752 0.841953 0.251269 0.315895
1 0.916467 0.570583 0.165509 0.124129
1 0.947781 0.566560 0.104439 0.131699
1 0.414921 0.039842 0.364247 0.079294
1 0.556704 0.616196 0.229358 0.049950
1 0.069078 0.054637 0.136172 0.108857
1 0.976604 0.562419 0.046175 0.144222
1 0.174058 0.049683 0.346671 0.099366
1 0.650371 0.614817 0.240549 0.044514
1 0.045809 0.053774 0.091516 0.107547
1 0.606919 0.614694 0.251883 0.048614
1 0.565281 0.594013 0.213836 0.100683
1 0.246946 0.048459 0.492790 0.095077
1 0.897141 0.582903 0.205149 0.103810
1 0.103091 0.052485 0.202922 0.104458
1 0.439602 0.621737 0.215428 0.056917
1 0.482552 0.036235 0.369293 0.072145
1 0.350204 0.042114 0.363328 0.084116
1 0.652978 0.594829 0.266496 0.092225
1 0.503855 0.615976 0.251340 0.053202