1 0.986685 0.861537 0.025705 0.276926
1 0.496357 0.769832 0.219937 0.096738
1 0.469377 0.753362 0.227437 0.062914
1 0.376958 0.779058 0.142968 0.113690
1 0.921472 0.776908 0.156802 0.128854
1 0.925633 0.858913 0.144621 0.280358
1 0.575872 0.861510 0.143740 0.276980
1 0.850485 0.767462 0.198046 0.102205
1 0.891581 0.772641 0.203559 0.116607
1 0.669827 0.769349 0.207115 0.096225
1 0.396190 0.862232 0.141002 0.275535
1 0.897959 0.858636 0.155057 0.280646
1 0.368520 0.752224 0.150206 0.059978
1 0.524652 0.861823 0.163840 0.276355
1 0.336165 0.750997 0.168720 0.058430