1 0.504771 0.103177 0.175198 0.194948
1 0.896412 0.059049 0.177700 0.115851
1 0.538842 0.102672 0.167368 0.193412
1 0.742898 0.048354 0.160541 0.093841
1 0.916488 0.070513 0.160883 0.139558
1 0.987584 0.109560 0.023819 0.213929
1 0.895099 0.088561 0.159909 0.169272
1 0.421667 0.102171 0.184503 0.191660
1 0.744313 0.068156 0.163418 0.132776
1 0.402818 0.080394 0.196167 0.155532
1 0.479952 0.093048 0.196829 0.182510
1 0.800911 0.361366 0.142253 0.118734
1 0.722603 0.093846 0.157499 0.178390
1 0.375998 0.103726 0.166058 0.194548
1 0.449433 0.087601 0.203996 0.171125