1 0.890000 0.064834 0.214598 0.129667
1 0.933039 0.064922 0.133923 0.129845
1 0.039069 0.073424 0.078138 0.146849
1 0.059497 0.073345 0.116624 0.146567
1 0.538408 0.068871 0.268583 0.134827
1 0.592047 0.067582 0.273124 0.133995
1 0.578739 0.067032 0.504691 0.131962
1 0.019832 0.073948 0.039665 0.146704
1 0.833610 0.063877 0.329044 0.125806
1 0.066660 0.928291 0.130575 0.143417
1 0.863204 0.930079 0.269597 0.125200
1 0.763630 0.066524 0.269386 0.131462
1 0.649855 0.067015 0.264152 0.133240
1 0.416336 0.067624 0.594417 0.133621
1 0.827768 0.918264 0.243111 0.146474
1 0.013632 0.074917 0.027265 0.146626
1 0.490216 0.070261 0.278995 0.135442