1 0.042342 0.071050 0.084683 0.142100
1 0.063583 0.070710 0.125430 0.141419
1 0.086029 0.886941 0.170162 0.100047
1 0.073615 0.900919 0.142736 0.100020
1 0.144556 0.068765 0.284098 0.137530
1 0.359745 0.067241 0.685660 0.131966
1 0.300351 0.936489 0.197097 0.096726
1 0.072286 0.876842 0.141259 0.131802
1 0.044402 0.904560 0.088608 0.113187
1 0.498969 0.061884 0.926329 0.122519
1 0.505925 0.918808 0.161727 0.054430
1 0.020068 0.070901 0.040137 0.141801
1 0.889172 0.888914 0.170920 0.104915
1 0.101728 0.909370 0.191651 0.086663
1 0.300965 0.965659 0.211984 0.066573
1 0.500872 0.890416 0.147771 0.093909
1 0.289555 0.894846 0.175787 0.096316
1 0.108994 0.894697 0.217989 0.083113
1 0.333577 0.936454 0.206606 0.093527
1 0.098180 0.069156 0.189224 0.138312
1 0.667763 0.938894 0.184346 0.110864
1 0.238402 0.891145 0.174738 0.090693
1 0.891705 0.918969 0.187050 0.065059
1 0.615191 0.924268 0.235433 0.075981
1 0.069189 0.819764 0.135872 0.165738
1 0.857056 0.920935 0.132974 0.069849
1 0.869555 0.891964 0.131944 0.093250
1 0.643267 0.932123 0.211683 0.093981
1 0.890461 0.873721 0.139586 0.127332
1 0.224743 0.067685 0.434756 0.133348
1 0.042352 0.884861 0.084703 0.116913
1 0.247105 0.922577 0.242234 0.074760
1 0.213367 0.916871 0.239634 0.064056
1 0.294477 0.862325 0.122303 0.080499
1 0.125674 0.915425 0.233976 0.065370
1 0.082095 0.841866 0.157998 0.159270
1 0.063321 0.853325 0.126643 0.178300
1 0.477013 0.918581 0.149835 0.058686
1 0.154583 0.915713 0.230623 0.057162
1 0.365987 0.966452 0.244041 0.064914
1 0.890010 0.068153 0.215782 0.134639
1 0.640945 0.897950 0.178918 0.079981
1 0.068649 0.739152 0.136474 0.194340