1 0.916867 0.067919 0.165574 0.135838
1 0.061795 0.889521 0.122398 0.220958
1 0.892115 0.693217 0.207027 0.082337
1 0.034294 0.102010 0.068551 0.202088
1 0.740939 0.713503 0.235958 0.049309
1 0.908496 0.672486 0.175095 0.117442
1 0.516588 0.083819 0.223969 0.167554
1 0.057417 0.101038 0.113411 0.200659
1 0.405474 0.723624 0.257429 0.061094
1 0.414970 0.086071 0.565385 0.171442
1 0.852193 0.695564 0.286746 0.081431
1 0.136048 0.890282 0.265968 0.219436
1 0.746926 0.701322 0.281645 0.078084
1 0.540938 0.712978 0.222095 0.057082
1 0.878132 0.068789 0.242093 0.137579
1 0.567404 0.082114 0.211124 0.164147
1 0.715358 0.712545 0.373864 0.049587
1 0.087102 0.890281 0.168048 0.218850
1 0.557326 0.694781 0.193316 0.098851
1 0.621978 0.711131 0.278577 0.052406
1 0.507436 0.711239 0.247035 0.064169
1 0.022129 0.100809 0.044259 0.201119
1 0.663001 0.691530 0.299052 0.096782
1 0.407208 0.702502 0.242481 0.099874
1 0.454104 0.084770 0.224232 0.169541
1 0.517091 0.695848 0.228233 0.099107
1 0.451464 0.716344 0.234568 0.068221
1 0.613391 0.692766 0.267455 0.095565
1 0.015341 0.102850 0.030682 0.201193