1 0.879736 0.939144 0.238348 0.121106
1 0.777691 0.936664 0.197495 0.126672
1 0.753642 0.358794 0.189996 0.114849
1 0.492332 0.929538 0.163785 0.140925
1 0.868556 0.376420 0.249535 0.103131
1 0.832166 0.937742 0.201827 0.124516
1 0.751699 0.381771 0.195694 0.062700
1 0.793752 0.362907 0.211708 0.114473
1 0.539872 0.930650 0.175574 0.138700
1 0.446885 0.929200 0.155816 0.141600
1 0.485644 0.359010 0.238341 0.084695
1 0.794947 0.381693 0.226785 0.071039
1 0.739637 0.936577 0.181120 0.126846
1 0.324352 0.924812 0.199681 0.150375
1 0.342952 0.351953 0.229960 0.073692
1 0.241859 0.919047 0.169592 0.161906
1 0.547706 0.357358 0.199973 0.091722
1 0.260303 0.912356 0.151343 0.140820
1 0.403232 0.928662 0.191731 0.142675
1 0.706302 0.354928 0.186325 0.111792
1 0.380271 0.353150 0.216348 0.076565
1 0.765079 0.346363 0.147882 0.140373
1 0.365577 0.927938 0.219054 0.144124
1 0.672695 0.935162 0.180964 0.129262
1 0.931795 0.941028 0.136410 0.117638
1 0.348786 0.336222 0.214227 0.108667
1 0.445644 0.359511 0.260705 0.077980
1 0.282276 0.921496 0.180710 0.157009
1 0.555773 0.333748 0.180990 0.138249
1 0.283384 0.907766 0.149783 0.126631
1 0.480960 0.334075 0.217608 0.131653
1 0.488846 0.309460 0.181898 0.183376
1 0.315056 0.351385 0.330567 0.062785
1 0.987543 0.144944 0.023629 0.284504