3 0.075612 0.075706 0.147136 0.149881
3 0.887073 0.078462 0.222303 0.156924
3 0.046321 0.075876 0.092642 0.151731
3 0.808155 0.080158 0.379597 0.160010
3 0.122440 0.075027 0.215660 0.148744
3 0.930167 0.078471 0.139665 0.156942
3 0.855870 0.556630 0.287591 0.074220
3 0.563405 0.078069 0.248966 0.155915
3 0.366004 0.077016 0.207872 0.153525
3 0.318124 0.076421 0.216474 0.152094
3 0.182859 0.075276 0.180545 0.148585
3 0.514670 0.077470 0.266826 0.154806
3 0.024517 0.077049 0.049033 0.153781
3 0.436434 0.077150 0.223765 0.153422
3 0.613136 0.078771 0.267701 0.157333
3 0.807860 0.557400 0.384281 0.085562
3 0.230198 0.075557 0.205568 0.149213
3 0.666517 0.079445 0.265351 0.158470
3 0.730901 0.079755 0.538198 0.158868
3 0.716251 0.080263 0.264830 0.159531