3 0.039266 0.913728 0.078531 0.172544
3 0.853792 0.521905 0.248308 0.083111
3 0.061231 0.913672 0.121040 0.171881
3 0.860265 0.500059 0.229256 0.126398
3 0.937086 0.914850 0.125827 0.170091
3 0.667277 0.915310 0.167821 0.169379
3 0.441700 0.915353 0.183359 0.169295
3 0.628527 0.915346 0.158695 0.169309
3 0.398204 0.914757 0.179963 0.170487
3 0.492981 0.915781 0.202185 0.168439
3 0.466301 0.523936 0.190603 0.084973
3 0.654656 0.519440 0.214728 0.081359
3 0.022351 0.913637 0.044703 0.172727
3 0.537644 0.915516 0.195225 0.168969
3 0.628268 0.511349 0.201938 0.096455
3 0.901763 0.915169 0.193407 0.169663
3 0.988801 0.719049 0.021442 0.225322
3 0.802055 0.522133 0.282596 0.076803