3 0.371825 0.874169 0.263782 0.073158
3 0.068893 0.934479 0.136214 0.131043
3 0.368351 0.919107 0.250382 0.160701
3 0.047101 0.933912 0.094203 0.132176
3 0.949125 0.915106 0.101749 0.169613
3 0.574041 0.922354 0.241867 0.154322
3 0.333201 0.874644 0.271507 0.064194
3 0.916697 0.915960 0.165617 0.167753
3 0.677518 0.919131 0.208138 0.159747
3 0.626747 0.920764 0.225244 0.157263
3 0.899160 0.687707 0.192482 0.151903
3 0.843538 0.917476 0.140625 0.164800
3 0.320991 0.921908 0.228040 0.155268
3 0.899031 0.489615 0.193864 0.151721
3 0.716569 0.918352 0.193039 0.161744
3 0.532465 0.922459 0.220950 0.153796
3 0.874031 0.917342 0.146773 0.165315
3 0.483896 0.920144 0.213654 0.158592
3 0.434355 0.918556 0.229572 0.162294
3 0.987278 0.726226 0.024361 0.229711
3 0.898521 0.658768 0.194171 0.093920
3 0.985755 0.913960 0.027924 0.169012
3 0.415346 0.895793 0.272753 0.116442