3 0.902153 0.907482 0.194413 0.185036
3 0.066216 0.918581 0.130562 0.160835
3 0.041434 0.918306 0.082868 0.162600
3 0.907611 0.496763 0.181512 0.145800
3 0.984664 0.726267 0.029923 0.198425
3 0.764048 0.502856 0.182881 0.100539
3 0.911005 0.701490 0.173360 0.215505
3 0.844004 0.908069 0.170262 0.183863
3 0.660554 0.910527 0.210127 0.178946
3 0.689662 0.508195 0.154083 0.112249
3 0.984868 0.522135 0.029704 0.202358
3 0.717353 0.509906 0.156746 0.116685
3 0.615746 0.505039 0.145415 0.113954
3 0.159353 0.921367 0.308290 0.157267
3 0.877712 0.778115 0.241069 0.063497
3 0.977583 0.766004 0.043970 0.198664
3 0.986718 0.487990 0.025926 0.188668
3 0.025391 0.918694 0.050782 0.162612
3 0.663193 0.786613 0.182861 0.067589
3 0.812468 0.908404 0.183899 0.183192
3 0.780310 0.781115 0.224510 0.070422
3 0.742569 0.786958 0.208698 0.069434
3 0.887974 0.744410 0.221841 0.142712