3 0.875380 0.936586 0.243078 0.126828
3 0.582837 0.938212 0.206399 0.123576
3 0.831982 0.936866 0.192878 0.126269
3 0.425854 0.938895 0.214255 0.122169
3 0.787426 0.937029 0.202704 0.125942
3 0.622188 0.939157 0.216707 0.121687
3 0.539238 0.937443 0.193635 0.125114
3 0.374555 0.938776 0.225519 0.122448
3 0.894652 0.527938 0.178160 0.147232
3 0.469055 0.938420 0.232153 0.123081
3 0.670735 0.938493 0.215561 0.122931
3 0.731056 0.937367 0.201859 0.124344
3 0.747087 0.533099 0.179729 0.142215
3 0.714884 0.537278 0.199405 0.137587
3 0.924686 0.935468 0.150629 0.127161
3 0.686144 0.543310 0.196643 0.130108
3 0.319922 0.939156 0.247822 0.121688
3 0.650003 0.551541 0.169375 0.117590
3 0.726738 0.814297 0.165912 0.115250
3 0.734104 0.805234 0.121483 0.095788
3 0.813500 0.529342 0.216889 0.141923
3 0.447744 0.563695 0.163385 0.120688
3 0.424812 0.542229 0.160556 0.147650
3 0.628077 0.553371 0.147954 0.105705
3 0.506998 0.700510 0.170818 0.079066
3 0.268961 0.939282 0.262946 0.121435
3 0.625403 0.538872 0.143792 0.151918
3 0.487497 0.694612 0.165755 0.069083
3 0.859906 0.530545 0.226762 0.149054
3 0.099786 0.939420 0.186838 0.120725
3 0.987557 0.769966 0.023604 0.208925
3 0.712793 0.689112 0.184698 0.069927