3 0.669495 0.631835 0.174172 0.110212
3 0.644170 0.626572 0.148983 0.101927
3 0.988550 0.614418 0.022151 0.184328
3 0.814286 0.892738 0.195796 0.083500
3 0.773263 0.792086 0.139724 0.145334
3 0.886611 0.966497 0.225998 0.066394
3 0.775915 0.892219 0.201979 0.082918
3 0.700716 0.622255 0.222733 0.099579
3 0.987470 0.814660 0.024049 0.205866
3 0.601881 0.624688 0.195938 0.095642
3 0.756948 0.615827 0.204074 0.108524
3 0.692368 0.639253 0.230612 0.105838
3 0.644222 0.774727 0.116119 0.102724
3 0.787469 0.619771 0.189066 0.102837
3 0.495240 0.631635 0.158796 0.084665
3 0.838307 0.888453 0.205231 0.095766
3 0.412573 0.915222 0.228067 0.052226