3 0.041547 0.917942 0.083000 0.163596
3 0.495111 0.918208 0.169517 0.163584
3 0.538099 0.917897 0.179208 0.164205
3 0.808028 0.517009 0.227587 0.096649
3 0.754861 0.518388 0.214128 0.086609
3 0.068650 0.919438 0.135063 0.161124
3 0.911868 0.916429 0.174259 0.167141
3 0.693984 0.917470 0.148942 0.165060
3 0.846220 0.517270 0.212721 0.098324
3 0.449342 0.918827 0.155781 0.162346
3 0.330740 0.919416 0.204418 0.161168
3 0.650153 0.917739 0.158175 0.164522
3 0.521931 0.503967 0.155502 0.122047
3 0.650959 0.793206 0.182122 0.091214
3 0.734097 0.506599 0.168129 0.112238
3 0.592439 0.917994 0.164227 0.164012
3 0.472198 0.793261 0.206240 0.088581
3 0.739001 0.917233 0.206414 0.165534
3 0.885991 0.518274 0.172046 0.099560
3 0.898907 0.785665 0.193622 0.095687
3 0.385743 0.918074 0.205880 0.163852
3 0.988633 0.727618 0.021749 0.214105
3 0.464661 0.507901 0.194993 0.109243
3 0.417716 0.918997 0.160850 0.162006
3 0.024750 0.918288 0.049501 0.163424
3 0.592474 0.793591 0.219573 0.089026
3 0.480951 0.505644 0.135414 0.119011
3 0.702759 0.502360 0.192010 0.117459
3 0.715287 0.512468 0.197481 0.089389
3 0.988219 0.505070 0.022856 0.158823
3 0.912836 0.516434 0.159252 0.103890
3 0.579280 0.500264 0.174636 0.139757
3 0.614497 0.501150 0.139773 0.142345
3 0.682702 0.789332 0.212239 0.096433
3 0.106831 0.918853 0.202266 0.160482
3 0.519570 0.795075 0.223740 0.084709
3 0.637179 0.499426 0.143963 0.136138
3 0.283859 0.918878 0.249812 0.162244
3 0.437117 0.791683 0.218695 0.091777
3 0.646735 0.814732 0.180442 0.044469
3 0.900232 0.726772 0.169077 0.216532