3 0.063175 0.912572 0.124852 0.173852
3 0.042382 0.912842 0.084765 0.174221
3 0.513215 0.504993 0.211813 0.122229
3 0.851908 0.509749 0.253961 0.116636
3 0.497198 0.914367 0.181115 0.171266
3 0.448366 0.914270 0.176247 0.171459
3 0.542578 0.915160 0.187490 0.169681
3 0.498441 0.507891 0.153990 0.123954
3 0.882043 0.494437 0.210899 0.155944
3 0.402375 0.914912 0.168553 0.170176
3 0.542143 0.515122 0.239647 0.103343
3 0.940713 0.913653 0.118574 0.172473
3 0.695481 0.915542 0.176954 0.168915
3 0.025335 0.913118 0.050670 0.173764
3 0.880328 0.915102 0.173533 0.169797
3 0.578764 0.650108 0.128209 0.074240
3 0.522671 0.495581 0.157661 0.148938
3 0.723051 0.915720 0.137660 0.168560
3 0.605163 0.647765 0.169164 0.070981
3 0.649472 0.915604 0.172443 0.168792
3 0.594388 0.915678 0.187975 0.168644
3 0.910578 0.914411 0.167530 0.171178
3 0.794303 0.647677 0.161089 0.071613
3 0.794359 0.517304 0.239658 0.096836
3 0.616468 0.520285 0.260000 0.087465
3 0.373091 0.488255 0.135032 0.138628
3 0.449826 0.509071 0.189997 0.104382
3 0.717538 0.515246 0.266453 0.095719
3 0.772673 0.916036 0.174489 0.167927
3 0.338264 0.915594 0.207358 0.168813
3 0.447446 0.790990 0.254306 0.078024
3 0.827590 0.915908 0.169795 0.168184
3 0.914867 0.488305 0.145130 0.148701
3 0.461734 0.641311 0.148823 0.064455
3 0.344432 0.513759 0.206577 0.090669
3 0.381209 0.515488 0.177886 0.087721
3 0.985759 0.912606 0.027835 0.171994
3 0.897899 0.726308 0.171023 0.216449