3 0.040032 0.914621 0.080044 0.170758
3 0.887421 0.926148 0.219802 0.147657
3 0.063124 0.914890 0.124304 0.169355
3 0.493987 0.517431 0.168425 0.108655
3 0.464555 0.920392 0.163290 0.153018
3 0.618483 0.924435 0.248693 0.151129
3 0.573128 0.923741 0.233926 0.152517
3 0.024621 0.914600 0.049242 0.170800
3 0.532427 0.515941 0.176848 0.118032
3 0.418960 0.519577 0.180468 0.097089
3 0.503247 0.922172 0.219082 0.155656
3 0.690541 0.523437 0.129662 0.104983
3 0.668910 0.924582 0.226401 0.150836
3 0.605337 0.811939 0.211989 0.063255
3 0.692300 0.811395 0.175458 0.072020
3 0.726806 0.528113 0.153306 0.108935
3 0.419105 0.794135 0.119556 0.090073
3 0.429266 0.920080 0.137464 0.159200
3 0.335899 0.918937 0.192377 0.162126
3 0.374552 0.520230 0.172607 0.097961
3 0.664345 0.812715 0.202673 0.066943
3 0.988424 0.752929 0.021883 0.220688
3 0.916515 0.526225 0.153088 0.138546
3 0.506709 0.814036 0.225729 0.054316
3 0.556383 0.812090 0.240498 0.058343
3 0.521019 0.794299 0.209573 0.103377
3 0.988469 0.522098 0.022114 0.160783
3 0.697645 0.793765 0.171149 0.116407
3 0.776992 0.925029 0.220372 0.149942