3 0.892704 0.936024 0.213296 0.126510
3 0.441933 0.938789 0.195432 0.122422
3 0.607143 0.938502 0.209335 0.122996
3 0.652517 0.938920 0.201882 0.122160
3 0.772531 0.938131 0.242987 0.123737
3 0.332404 0.939447 0.216949 0.121105
3 0.558797 0.937784 0.208475 0.124431
3 0.789924 0.584375 0.200973 0.101944
3 0.903493 0.730306 0.173733 0.146215
3 0.373284 0.938725 0.235559 0.122551
3 0.418966 0.535629 0.151886 0.137781
3 0.693702 0.939234 0.218450 0.121532
3 0.832379 0.937353 0.201718 0.125295
3 0.501505 0.937961 0.231903 0.123980
3 0.896080 0.533841 0.191333 0.169234
3 0.777489 0.571329 0.186315 0.087478
3 0.690036 0.566517 0.176911 0.083053
3 0.863239 0.542237 0.253488 0.161111
3 0.574129 0.545779 0.155735 0.139251
3 0.275539 0.939945 0.279462 0.120109
3 0.904003 0.550987 0.181976 0.126862
3 0.824097 0.558601 0.245375 0.154654
3 0.401422 0.526824 0.108746 0.148345
3 0.747124 0.570274 0.176653 0.081744
3 0.556437 0.543859 0.106737 0.131963
3 0.559693 0.525512 0.121876 0.135711
3 0.678695 0.576802 0.200642 0.066816
3 0.987516 0.591080 0.023739 0.159861
3 0.570693 0.575032 0.153964 0.090575
3 0.044834 0.939034 0.089668 0.121932
3 0.613177 0.580799 0.253129 0.058546
3 0.988134 0.770256 0.022589 0.217347