3 0.040348 0.888466 0.080696 0.222580
3 0.063229 0.888439 0.124556 0.221878
3 0.921798 0.883998 0.155295 0.230730
3 0.980033 0.701540 0.039201 0.174252
3 0.647753 0.885322 0.176842 0.229355
3 0.956491 0.714504 0.087018 0.128417
3 0.985488 0.675707 0.028328 0.213700
3 0.973730 0.746909 0.051699 0.133580
3 0.984687 0.886952 0.029948 0.225899
3 0.850697 0.460069 0.224292 0.080644
3 0.953316 0.735633 0.093368 0.082029
3 0.023247 0.888434 0.046494 0.222796
3 0.407801 0.460321 0.194844 0.074914
3 0.477495 0.886146 0.167896 0.227709
3 0.691678 0.885307 0.180871 0.229387
3 0.566090 0.461987 0.171641 0.075935
3 0.144255 0.887868 0.280765 0.223847
3 0.637548 0.714827 0.239338 0.120456
3 0.906705 0.724962 0.186033 0.097758
3 0.598614 0.885758 0.177242 0.228485
3 0.361439 0.723171 0.250702 0.098058
3 0.590102 0.721775 0.249568 0.107057
3 0.517150 0.885610 0.174121 0.228781
3 0.742306 0.885037 0.180129 0.229658
3 0.655496 0.700674 0.173607 0.147111
3 0.720949 0.459795 0.221828 0.078911