3 0.890054 0.929791 0.214351 0.140357
3 0.040567 0.930822 0.081088 0.138356
3 0.692566 0.931291 0.163270 0.137418
3 0.072813 0.931540 0.143796 0.136920
3 0.901359 0.525272 0.171452 0.163972
3 0.485425 0.932018 0.190894 0.135963
3 0.530358 0.932022 0.191825 0.135956
3 0.446106 0.932120 0.160178 0.135759
3 0.734585 0.539699 0.186654 0.138338
3 0.742500 0.930888 0.223002 0.138224
3 0.390229 0.932251 0.168462 0.135498
3 0.452509 0.547828 0.218101 0.107071
3 0.926376 0.930271 0.147248 0.138144
3 0.626524 0.524632 0.149702 0.161201
3 0.434597 0.536801 0.191286 0.143466
3 0.916910 0.795922 0.156355 0.128461
3 0.578306 0.931917 0.194781 0.136166
3 0.644096 0.931619 0.172270 0.136762
3 0.101423 0.930994 0.187928 0.136629
3 0.028213 0.924560 0.056426 0.150881
3 0.449293 0.932184 0.227532 0.134683
3 0.330967 0.932574 0.193651 0.134852
3 0.892269 0.803692 0.205547 0.114724
3 0.421483 0.519289 0.162162 0.135092
3 0.840802 0.930534 0.192923 0.138933
3 0.830809 0.535597 0.260420 0.154038
3 0.988469 0.765771 0.021793 0.203113
3 0.802186 0.930776 0.201730 0.138448
3 0.456923 0.516090 0.181944 0.129911
3 0.791612 0.701708 0.180200 0.132509
3 0.470697 0.586640 0.236136 0.074824
3 0.597286 0.526884 0.182247 0.149731
3 0.384617 0.932220 0.240170 0.134469
3 0.029389 0.889322 0.058536 0.219882