3 0.040058 0.902942 0.080117 0.194116
3 0.065440 0.902688 0.129095 0.194624
3 0.914341 0.890694 0.170640 0.218587
3 0.024109 0.903307 0.048218 0.193387
3 0.669568 0.892624 0.184305 0.214752
3 0.878008 0.891295 0.206697 0.217410
3 0.969679 0.890927 0.060008 0.218146
3 0.496109 0.897493 0.183543 0.205014
3 0.616150 0.896059 0.204099 0.207881
3 0.939032 0.888296 0.121936 0.223409
3 0.818041 0.892102 0.179896 0.215796
3 0.674301 0.464822 0.182410 0.113965
3 0.975203 0.704862 0.048997 0.179245
3 0.567502 0.896883 0.198351 0.206234
3 0.983960 0.675579 0.031314 0.219048
3 0.711730 0.894314 0.181566 0.211372
3 0.768178 0.893229 0.190125 0.213541
3 0.555315 0.752402 0.226492 0.071335
3 0.685401 0.744527 0.210834 0.071429
3 0.448644 0.897796 0.186050 0.204408