3 0.064137 0.917783 0.126189 0.162420
3 0.042209 0.917149 0.084417 0.164695
3 0.681647 0.919558 0.190450 0.160884
3 0.540294 0.919300 0.169071 0.161399
3 0.634575 0.919691 0.200553 0.160619
3 0.446417 0.919713 0.163082 0.160574
3 0.490843 0.918349 0.202982 0.163302
3 0.582561 0.919480 0.195975 0.161040
3 0.899001 0.918406 0.197178 0.163010
3 0.737654 0.919649 0.168978 0.160702
3 0.338771 0.918313 0.184656 0.163374
3 0.934218 0.917977 0.131563 0.163980
3 0.390679 0.918357 0.196262 0.163286
3 0.156164 0.921029 0.301880 0.157942
3 0.821903 0.529049 0.154354 0.086379
3 0.877838 0.530976 0.220759 0.087151
3 0.790190 0.918956 0.206261 0.162089
3 0.097524 0.918802 0.176513 0.162233
3 0.590918 0.671424 0.175319 0.101822
3 0.685470 0.530382 0.170060 0.077957
3 0.505811 0.526552 0.204546 0.087299
3 0.577039 0.717652 0.146824 0.194280
3 0.284443 0.918573 0.222034 0.162854
3 0.026125 0.917418 0.052251 0.165163
3 0.988755 0.736447 0.021626 0.217016
3 0.778774 0.527004 0.198631 0.086165
3 0.343270 0.541941 0.270993 0.059092
3 0.800490 0.544704 0.194158 0.054315
3 0.593418 0.695621 0.164603 0.150722