3 0.065035 0.894284 0.128259 0.211073
3 0.042489 0.895207 0.084978 0.209587
3 0.949121 0.887783 0.101530 0.223075
3 0.982555 0.887248 0.034209 0.224571
3 0.025038 0.896373 0.050076 0.207254
3 0.911880 0.717562 0.174069 0.106831
3 0.914111 0.887198 0.167219 0.224581
3 0.459840 0.460275 0.143193 0.097886
3 0.787333 0.459820 0.175659 0.087577
3 0.541228 0.632808 0.091573 0.153152
3 0.611770 0.745672 0.218980 0.050683
3 0.563250 0.456800 0.191565 0.091710
3 0.586197 0.728747 0.254473 0.099254
3 0.636627 0.723617 0.208128 0.102925