3 0.590826 0.553694 0.145420 0.154627
3 0.618861 0.552315 0.139019 0.149519
3 0.512124 0.558229 0.184828 0.145611
3 0.692254 0.949946 0.247721 0.099361
3 0.702182 0.716212 0.182223 0.066564
3 0.531908 0.950468 0.268539 0.098208
3 0.549441 0.556757 0.167000 0.149886
3 0.672079 0.714088 0.194124 0.064088
3 0.658938 0.590297 0.219494 0.079064
3 0.597682 0.711134 0.197872 0.066365
3 0.474624 0.950536 0.256361 0.097654
3 0.401576 0.578680 0.177025 0.099767
3 0.488376 0.852660 0.235570 0.104345
3 0.830758 0.554375 0.196827 0.146200
3 0.685924 0.594865 0.224208 0.067379