3 0.916100 0.895781 0.158554 0.208438
3 0.065531 0.902753 0.128852 0.194493
3 0.041266 0.902685 0.082532 0.194631
3 0.883656 0.897449 0.186964 0.205102
3 0.906174 0.497562 0.183110 0.123015
3 0.615290 0.491484 0.109981 0.081277
3 0.514243 0.490666 0.175445 0.079260
3 0.744698 0.898649 0.172782 0.202701
3 0.660960 0.494344 0.187317 0.103112
3 0.498299 0.901225 0.176915 0.197550
3 0.988121 0.676368 0.022874 0.216129
3 0.618948 0.631804 0.118706 0.107338
3 0.773767 0.896532 0.168017 0.206936
3 0.592669 0.749692 0.192920 0.098718
3 0.592756 0.900436 0.183268 0.199127
3 0.618095 0.681091 0.124638 0.204421
3 0.694627 0.899192 0.187522 0.201616
3 0.100925 0.903201 0.183922 0.193598
3 0.368083 0.901303 0.180940 0.197394
3 0.988045 0.492771 0.023141 0.177864
3 0.541373 0.900772 0.188457 0.198456
3 0.710109 0.485176 0.177414 0.116546
3 0.645235 0.900083 0.179456 0.199833
3 0.580989 0.490373 0.122674 0.078546
3 0.454174 0.488974 0.195712 0.089020
3 0.024594 0.901064 0.049188 0.197723
3 0.390312 0.491123 0.172266 0.078994