7 0.631827 0.556134 0.732621 0.049768
7 0.502403 0.556911 0.995193 0.052160
7 0.704795 0.551891 0.589799 0.054063
7 0.500667 0.435509 0.997646 0.060165
7 0.564836 0.551330 0.504630 0.058160
7 0.780161 0.542128 0.439678 0.050675
7 0.897550 0.541896 0.204901 0.052621
7 0.309047 0.539962 0.514175 0.052417
7 0.635906 0.655900 0.471540 0.041684
7 0.474431 0.548451 0.536791 0.053738
7 0.260946 0.425709 0.521892 0.050924
7 0.792072 0.551436 0.415856 0.054603
7 0.838689 0.543546 0.321214 0.057762
7 0.589629 0.441989 0.510083 0.048007
7 0.713173 0.782116 0.407780 0.032797
7 0.916852 0.900443 0.163954 0.198066