5 0.827171 0.421843 0.345657 0.042319
5 0.225821 0.419618 0.446714 0.042125
5 0.901240 0.421988 0.197521 0.039452
5 0.911140 0.250203 0.177719 0.039343
5 0.605810 0.418105 0.542903 0.040828
5 0.693688 0.421350 0.612624 0.042932
5 0.334031 0.415916 0.528907 0.048658
5 0.509584 0.061332 0.974502 0.121498
5 0.874779 0.061034 0.248981 0.121246
5 0.157869 0.418624 0.314333 0.042316
5 0.575931 0.422031 0.848139 0.044158
5 0.504369 0.235367 0.991262 0.053314
5 0.769334 0.419186 0.461333 0.043158
5 0.230221 0.244487 0.460442 0.041437
5 0.866218 0.250055 0.266796 0.040839
5 0.060217 0.866046 0.120434 0.267479
5 0.817283 0.062744 0.364344 0.123944
5 0.040390 0.817740 0.080779 0.363107