5 0.500431 0.070251 0.999137 0.140502
5 0.892532 0.653281 0.211720 0.108932
5 0.867255 0.060971 0.264112 0.121420
5 0.772482 0.064786 0.453010 0.127251
5 0.754997 0.646936 0.191752 0.095812
5 0.400574 0.709445 0.155585 0.195217
5 0.751643 0.621699 0.187989 0.051902
5 0.637928 0.649106 0.181775 0.092105
5 0.436962 0.709192 0.149350 0.196978
5 0.032883 0.811354 0.065503 0.377292
5 0.833129 0.649117 0.216104 0.099717
5 0.719906 0.647794 0.160404 0.096484
5 0.611284 0.647597 0.169689 0.086220
5 0.791684 0.649295 0.219655 0.100024
5 0.372947 0.707133 0.175546 0.200315
5 0.896394 0.586236 0.206269 0.105378
5 0.691235 0.650236 0.159790 0.099745