5 0.506562 0.060688 0.980114 0.121376
5 0.810455 0.420057 0.379090 0.039431
5 0.707361 0.421355 0.585279 0.040933
5 0.829844 0.247699 0.339593 0.043090
5 0.514782 0.421873 0.970435 0.043415
5 0.229994 0.416906 0.459988 0.041509
5 0.585875 0.416721 0.521420 0.038797
5 0.742082 0.416277 0.515836 0.043168
5 0.893769 0.249325 0.212463 0.041841
5 0.899394 0.421310 0.201213 0.036264
5 0.659902 0.416437 0.533054 0.042518
5 0.303416 0.413780 0.562465 0.037318
5 0.182287 0.415085 0.362092 0.038001
5 0.873492 0.068595 0.251726 0.136402
5 0.508026 0.414275 0.562179 0.041294
5 0.770531 0.246932 0.458937 0.040350
5 0.035259 0.809773 0.070321 0.380453
5 0.908332 0.565909 0.183235 0.098022
5 0.272047 0.245605 0.544095 0.038636
5 0.505022 0.242784 0.989957 0.060738
5 0.367587 0.420757 0.729802 0.043470