5 0.870969 0.944108 0.244355 0.111783
5 0.810190 0.945694 0.216560 0.108612
5 0.065011 0.863570 0.127977 0.272818
5 0.880932 0.779162 0.231334 0.131106
5 0.767933 0.945319 0.245609 0.109362
5 0.040704 0.863825 0.081407 0.272349
5 0.753084 0.787614 0.202938 0.137693
5 0.746335 0.749162 0.205444 0.063131
5 0.096722 0.863285 0.190996 0.270809
5 0.880507 0.757417 0.232737 0.089994
5 0.716226 0.745479 0.214698 0.055517
5 0.785770 0.779802 0.238032 0.128704
5 0.041702 0.118916 0.083403 0.236885
5 0.696757 0.784352 0.226936 0.130213