5 0.903294 0.502712 0.181353 0.194197
5 0.877045 0.624391 0.240100 0.088837
5 0.882880 0.643256 0.227368 0.127620
5 0.691709 0.645644 0.176468 0.099456
5 0.866569 0.521905 0.254566 0.148171
5 0.687930 0.618315 0.239682 0.057293
5 0.599313 0.578297 0.364112 0.074720
5 0.875991 0.583353 0.239602 0.057922
5 0.897249 0.549540 0.202475 0.112190
5 0.471148 0.587736 0.263340 0.090443
5 0.515187 0.583513 0.287839 0.091478
5 0.478126 0.613077 0.224701 0.048257
5 0.738201 0.616538 0.227329 0.056283
5 0.634409 0.581402 0.414900 0.053079
5 0.543895 0.616691 0.242328 0.046985
5 0.646166 0.649769 0.175183 0.098901