5 0.908608 0.923991 0.182784 0.151560
5 0.936789 0.923451 0.126423 0.152418
5 0.510663 0.926102 0.198129 0.147796
5 0.383498 0.926385 0.198849 0.147229
5 0.552791 0.925583 0.201778 0.148835
5 0.452299 0.926132 0.194957 0.147736
5 0.319319 0.927358 0.237657 0.145283
5 0.713328 0.927560 0.174996 0.144880
5 0.987819 0.749040 0.023688 0.188003
5 0.156676 0.925231 0.248948 0.149539
5 0.646332 0.927161 0.212692 0.145678
5 0.759533 0.927111 0.164836 0.145778
5 0.261776 0.926759 0.250067 0.146482
5 0.603203 0.926250 0.191036 0.147500
5 0.977565 0.922060 0.044659 0.152397