5 0.898892 0.656423 0.176417 0.122102
5 0.716212 0.650477 0.137334 0.099868
5 0.423614 0.618629 0.219480 0.048353
5 0.888304 0.632637 0.205365 0.079201
5 0.889278 0.504897 0.160595 0.153063
5 0.688556 0.649692 0.161083 0.096511
5 0.701284 0.632084 0.194298 0.069191
5 0.471255 0.620838 0.310494 0.054140
5 0.415659 0.667231 0.169887 0.108027
5 0.517446 0.623689 0.335299 0.055005
5 0.988121 0.497245 0.022778 0.190397
5 0.865961 0.550385 0.243111 0.089055
5 0.419541 0.643655 0.192429 0.069088
5 0.527280 0.647373 0.210061 0.082994
5 0.878360 0.525028 0.198565 0.128882
5 0.854556 0.651073 0.150336 0.107768