5 0.043861 0.916339 0.087722 0.167195
5 0.026010 0.917108 0.052020 0.165655
5 0.504940 0.864996 0.242764 0.114771
5 0.063533 0.918537 0.125506 0.162927
5 0.852106 0.659832 0.081579 0.100016
5 0.570563 0.865994 0.303792 0.113346
5 0.858050 0.683754 0.079861 0.095743
5 0.463677 0.510454 0.178517 0.057740
5 0.917257 0.427605 0.151877 0.127350
5 0.652726 0.568873 0.095278 0.135910
5 0.851591 0.639862 0.092248 0.093603
5 0.463126 0.864397 0.271876 0.107476
5 0.611019 0.429812 0.192151 0.141673
5 0.659340 0.626149 0.067924 0.107581