4 0.533959 0.968174 0.932082 0.063652
4 0.675215 0.968545 0.649570 0.062910
4 0.502636 0.750200 0.994728 0.050658
4 0.498801 0.718467 0.997601 0.095675
4 0.703286 0.752820 0.592352 0.047292
4 0.186759 0.968323 0.372199 0.063354
4 0.849500 0.969551 0.297013 0.060898
4 0.263678 0.968774 0.525138 0.062452
4 0.234782 0.745833 0.468825 0.047777
4 0.143131 0.975183 0.286263 0.049635
4 0.803183 0.750002 0.393633 0.055613
4 0.800031 0.969995 0.399938 0.056052
4 0.218128 0.976505 0.436256 0.046579
4 0.323659 0.745328 0.530390 0.044842