4 0.497867 0.711124 0.995734 0.103503
4 0.619886 0.967942 0.760228 0.064117
4 0.696110 0.650152 0.607780 0.065428
4 0.500762 0.674766 0.997960 0.129247
4 0.297708 0.967872 0.595417 0.064256
4 0.759273 0.968746 0.475901 0.062508
4 0.575365 0.649612 0.849269 0.068099
4 0.861807 0.648910 0.276385 0.065890
4 0.802023 0.649665 0.395954 0.061552
4 0.417087 0.968744 0.806460 0.062513
4 0.213205 0.976385 0.424550 0.046302
4 0.221640 0.726621 0.443279 0.056003
4 0.804950 0.967368 0.390099 0.052804
4 0.206384 0.965675 0.411340 0.065496