7 0.790836 0.592359 0.259270 0.084871
7 0.750106 0.594677 0.242243 0.089694
7 0.850624 0.584249 0.271113 0.077393
7 0.985435 0.535211 0.028686 0.177982
7 0.986689 0.669186 0.026067 0.144306
7 0.916153 0.526630 0.165524 0.157627
7 0.818276 0.596377 0.242334 0.071426
7 0.809978 0.564023 0.224699 0.138684
7 0.094718 0.958299 0.185055 0.083402
7 0.897624 0.551890 0.203586 0.107891
7 0.139400 0.956314 0.275662 0.087373
7 0.984515 0.589151 0.030243 0.240233
7 0.841001 0.807673 0.155878 0.086581
7 0.988194 0.877976 0.022592 0.244049