7 0.657115 0.566406 0.681731 0.058747
7 0.711845 0.559187 0.576311 0.052768
7 0.592474 0.577112 0.811812 0.063977
7 0.936342 0.518700 0.127317 0.043144
7 0.684348 0.577638 0.488297 0.043415
7 0.190231 0.709321 0.380463 0.045917
7 0.788703 0.548090 0.422594 0.047614
7 0.502302 0.626977 0.995396 0.055469
7 0.260474 0.686620 0.510091 0.051628
7 0.200693 0.838890 0.401385 0.063214
7 0.514877 0.751765 0.434604 0.065071
7 0.803527 0.539949 0.392946 0.050233
7 0.777995 0.555183 0.444010 0.053683
7 0.541135 0.739333 0.354615 0.055761
7 0.552278 0.612456 0.482217 0.044321