7 0.578774 0.496445 0.840227 0.056032
7 0.498156 0.561652 0.996313 0.058536
7 0.666985 0.490320 0.659266 0.049095
7 0.552161 0.508808 0.895679 0.061149
7 0.170114 0.653471 0.339960 0.053687
7 0.180091 0.644660 0.360182 0.046667
7 0.231566 0.624683 0.463133 0.054835
7 0.614375 0.515982 0.494610 0.046621
7 0.494819 0.544722 0.457828 0.045155
7 0.259077 0.612534 0.518153 0.046284
7 0.744308 0.481325 0.478277 0.045734
7 0.641276 0.510168 0.500435 0.042374
7 0.469088 0.682850 0.405572 0.059178
7 0.352405 0.587726 0.500876 0.055611
7 0.491006 0.673744 0.350521 0.053377
7 0.210035 0.637055 0.420070 0.053894
7 0.501840 0.547548 0.988185 0.061967
7 0.127947 0.789261 0.255894 0.071284