7 0.774375 0.502138 0.451250 0.062968
7 0.200902 0.681778 0.401804 0.051050
7 0.856104 0.495097 0.287791 0.054939
7 0.789251 0.508772 0.421499 0.044981
7 0.271136 0.653599 0.481173 0.054617
7 0.733495 0.511048 0.533010 0.065618
7 0.188630 0.811015 0.377260 0.061052
7 0.500300 0.720010 0.405520 0.068195
7 0.292901 0.646201 0.504938 0.048302
7 0.394364 0.617969 0.497370 0.049190
7 0.171156 0.693686 0.341764 0.054380
7 0.914400 0.478098 0.171201 0.042439
7 0.489126 0.618424 0.978253 0.056876
7 0.447084 0.737084 0.398282 0.058810
7 0.152964 0.820305 0.303463 0.067971
7 0.416419 0.611052 0.506447 0.042575
7 0.531272 0.567840 0.937456 0.058692
7 0.464171 0.634325 0.918373 0.059718
7 0.400483 0.741903 0.429784 0.054936
7 0.520193 0.586388 0.483210 0.052033
7 0.535880 0.578253 0.476878 0.044343