7 0.696284 0.566953 0.599519 0.058277
7 0.680871 0.584534 0.472572 0.050135
7 0.195794 0.839581 0.389639 0.063136
7 0.614867 0.577457 0.759866 0.062904
7 0.350533 0.789759 0.420615 0.064852
7 0.572368 0.735943 0.353827 0.061068
7 0.506151 0.627975 0.987699 0.053093
7 0.898157 0.675433 0.202065 0.061675
7 0.512513 0.752502 0.439980 0.064950
7 0.184214 0.708784 0.368428 0.045061
7 0.235405 0.818947 0.462639 0.063572
7 0.276921 0.807754 0.445222 0.056337
7 0.620668 0.729841 0.405816 0.067752
7 0.398303 0.652597 0.490716 0.047944