9 0.895886 0.491394 0.208110 0.073891
9 0.640993 0.462385 0.221068 0.104811
9 0.951603 0.449420 0.096099 0.157557
9 0.938929 0.487411 0.122143 0.081765
9 0.042910 0.911642 0.085820 0.176715
9 0.872882 0.459690 0.249556 0.135916
9 0.690268 0.460521 0.223448 0.109801
9 0.860577 0.486448 0.273800 0.084081
9 0.913054 0.912134 0.173503 0.175220
9 0.587477 0.462132 0.231415 0.106308
9 0.616702 0.477824 0.209272 0.071834
9 0.972063 0.420120 0.055082 0.216015
9 0.914785 0.445270 0.169520 0.158804
9 0.540168 0.452842 0.238616 0.124964
9 0.665415 0.475745 0.218309 0.072442
9 0.738938 0.458475 0.231001 0.122434
9 0.791360 0.460749 0.244625 0.129554
9 0.568190 0.478624 0.220580 0.071600
9 0.489396 0.451387 0.244231 0.132619
9 0.510897 0.479656 0.244669 0.071315