9 0.430545 0.857778 0.121952 0.074414
9 0.088930 0.066695 0.170837 0.133390
9 0.429878 0.878864 0.122486 0.118791
9 0.046498 0.067816 0.092995 0.135632
9 0.887410 0.060765 0.222414 0.121348
9 0.412977 0.063726 0.263568 0.126856
9 0.126482 0.065685 0.234715 0.130612
9 0.431299 0.835866 0.122592 0.118140
9 0.344850 0.064113 0.649091 0.126147
9 0.255104 0.880115 0.052788 0.060575
9 0.428747 0.886652 0.127165 0.175601
9 0.809622 0.059911 0.376718 0.117519
9 0.459055 0.852275 0.062245 0.067758
9 0.429812 0.836869 0.123509 0.178314
9 0.023919 0.068143 0.047837 0.136286