2 0.393555 0.445833 0.059766 0.050000
2 0.458984 0.491146 0.064062 0.072917
2 0.560547 0.401823 0.086719 0.038021
2 0.607031 0.551823 0.108594 0.078646
2 0.541016 0.628125 0.084375 0.060417
2 0.467187 0.703385 0.179688 0.171354
2 0.739844 0.605469 0.080469 0.098437
2 0.926953 0.349479 0.024219 0.041667
2 0.977734 0.520052 0.044531 0.135937
2 0.748828 0.455729 0.038281 0.034375
2 0.709375 0.411198 0.025000 0.028646
2 0.303516 0.487500 0.093750 0.063542
2 0.296094 0.581771 0.125781 0.104167
2 0.280469 0.749740 0.085938 0.088021
2 0.153906 0.771094 0.060156 0.079687
2 0.144336 0.878906 0.089453 0.054688
2 0.277539 0.838281 0.128516 0.058854
2 0.069141 0.546615 0.071094 0.084896
2 0.125781 0.628906 0.125000 0.098437
2 0.212891 0.485156 0.060156 0.056771
2 0.034961 0.887500 0.065234 0.085417
