2 0.756641 0.482031 0.015625 0.026562
2 0.808398 0.325521 0.019922 0.031250
2 0.874023 0.342448 0.020703 0.023438
2 0.810156 0.561719 0.013281 0.017188
2 0.612109 0.522917 0.016406 0.016667
2 0.590625 0.551302 0.014844 0.017188
2 0.550586 0.549479 0.011328 0.020833
2 0.637891 0.314583 0.032813 0.039583
2 0.706445 0.310417 0.057422 0.052083
2 0.658594 0.602344 0.015625 0.045312
2 0.708203 0.598698 0.029687 0.022396
2 0.705078 0.548438 0.054688 0.051042
2 0.679883 0.661458 0.045703 0.031250
2 0.641602 0.730208 0.033984 0.020833
2 0.933789 0.508594 0.053516 0.077604
2 0.929492 0.570833 0.024609 0.033333
2 0.801172 0.660677 0.031250 0.036979
2 0.710742 0.733594 0.024609 0.034896
2 0.546094 0.681510 0.077344 0.053646
2 0.458203 0.737240 0.060937 0.057813
2 0.104492 0.462240 0.076953 0.072396
2 0.242383 0.474219 0.110547 0.118229
2 0.259375 0.604948 0.139063 0.131771
2 0.215039 0.787500 0.119922 0.084375
2 0.449023 0.472396 0.052734 0.052083
2 0.425977 0.526563 0.060547 0.062500
2 0.492773 0.531510 0.051953 0.049479
2 0.473828 0.350260 0.024219 0.046354
2 0.374805 0.369010 0.064453 0.050521
2 0.713867 0.392188 0.035547 0.081250
2 0.623047 0.440625 0.025781 0.041667
2 0.835742 0.384635 0.024609 0.035937
2 0.960938 0.250000 0.039844 0.062500
2 0.903711 0.251042 0.026953 0.062500
2 0.986328 0.348177 0.020313 0.032813
2 0.579297 0.600260 0.063281 0.036979
