2 0.542578 0.605729 0.023438 0.038542
2 0.586133 0.624219 0.025391 0.033854
2 0.628711 0.700000 0.021484 0.030208
2 0.817578 0.556510 0.032813 0.034896
2 0.811133 0.607812 0.026953 0.040625
2 0.631836 0.356771 0.034766 0.065625
2 0.629102 0.301302 0.057422 0.026562
2 0.870898 0.315625 0.075391 0.041667
2 0.896875 0.512500 0.016406 0.030208
2 0.940625 0.515365 0.022656 0.033854
2 0.218164 0.483594 0.115234 0.159896
2 0.178711 0.808333 0.098828 0.070833
2 0.341406 0.488802 0.134375 0.234896
2 0.558008 0.468490 0.020703 0.044271
2 0.673438 0.487760 0.022656 0.026562
2 0.741016 0.505990 0.045312 0.047396
2 0.781055 0.447135 0.020703 0.019271
2 0.750195 0.270573 0.016797 0.034896
2 0.857031 0.430990 0.017969 0.026562
2 0.728516 0.403646 0.023438 0.034375
2 0.645508 0.427083 0.019141 0.041667
2 0.596680 0.422135 0.035547 0.048438
2 0.467969 0.369792 0.047656 0.052083
2 0.504102 0.643229 0.026172 0.043750
2 0.525977 0.731250 0.027734 0.030208
2 0.515430 0.780990 0.029297 0.027604
2 0.422070 0.757292 0.098047 0.121875
2 0.744531 0.646615 0.057031 0.069271
2 0.074414 0.661719 0.147266 0.171354
2 0.275781 0.695312 0.064062 0.115625
2 0.052734 0.886198 0.100781 0.055729
